1. -1.000 140.5 1 7.32
1. -0.747 143.3 2 9.36
1. -0.463 144.8 3 0.84
1. -0.164 147.1 4 4.32
1. -0.002 147.6 5 6.24
1. 0.2466 150.1 6 9.36
1. 0.5562 151.6 7 0.96
1. 0.7781 153.3 8 3.60
1. 0.9945 155.8 9 6.24
2. -1.000 136.8 1 7.32
2. -0.747 139.1 2 9.36
2. -0.463 140.1 3 0.84
2. -0.164 142.6 4 4.32
2. -0.002 143.1 5 6.24
2. 0.2466 144.0 6 9.36
2. 0.5562 145.8 7 0.96
2. 0.7781 146.8 8 3.60
2. 0.9945 148.3 9 6.24
3. -1.000 150.0 1 7.32
3. -0.747 152.1 2 9.36
3. -0.463 153.8 3 0.84
3. -0.164 155.8 4 4.32
3. -0.002 156.0 5 6.24
3. 0.2466 156.8 6 9.36
3. 0.5562 157.3 7 0.96
3. 0.7781 159.1 8 3.60
3. 0.9945 160.6 9 6.24
4. -1.000 155.6 1 7.32
4. -0.747 158.6 2 9.36
4. -0.463 160.6 3 0.84
4. -0.164 163.3 4 4.32
4. -0.002 164.3 5 6.24
4. 0.2466 167.3 6 9.36
4. 0.5562 170.6 7 0.96
4. 0.7781 172.0 8 3.60
4. 0.9945 174.8 9 6.24
5. -1.000 145.8 1 7.32
5. -0.747 147.3 2 9.36
5. -0.449 148.6 3 0.84
5. -0.164 149.7 4 4.32
5. -0.002 150.2 5 6.24
5. 0.2466 152.5 6 9.36
5. 0.5562 154.8 7 0.96
5. 0.7781 156.3 8 3.60
5. 0.9973 158.6 9 6.24
6. -1.000 142.3 1 7.32
6. -0.747 143.8 2 9.36
6. -0.463 145.1 3 0.84
6. -0.164 146.3 4 4.32
6. -0.002 147.1 5 6.24
6. 0.2466 148.1 6 9.36
6. 0.5562 148.8 7 0.96
6. 0.7781 149.1 8 3.60
6. 0.9945 151.0 9 6.24
7. -1.000 141.3 1 7.32
7. -0.747 142.3 2 9.36
7. -0.449 144.3 3 0.84
7. -0.164 145.1 4 4.32
7. 0.0000 146.1 5 6.24
7. 0.2466 146.8 6 9.36
7. 0.5562 147.8 7 0.96
7. 0.7945 150.5 8 3.60
7. 0.9945 151.8 9 6.24
8. -1.000 141.6 1 7.32
8. -0.747 143.6 2 9.36
8. -0.463 145.1 3 0.84
8. -0.164 147.8 4 4.32
8. -0.002 148.1 5 6.24
8. 0.2466 149.6 6 9.36
8. 0.5562 150.9 7 0.96
8. 0.7945 154.1 8 3.60
8. 1.0055 154.8 9 6.24
9. -1.000 132.6 1 7.32
9. -0.747 134.1 2 9.36
9. -0.449 135.3 3 0.84
9. -0.164 136.6 4 4.32
9. -0.002 137.5 5 6.24
9. 0.2466 139.1 6 9.36
9. 0.5562 140.8 7 0.96
9. 0.7945 143.6 8 3.60
9. 0.9945 144.6 9 6.24
10 -1.000 126.1 1 7.32
10 -0.747 128.1 2 9.36
10 -0.463 129.0 3 0.84
10 -0.164 129.3 4 4.32
10 -0.002 129.5 5 6.24
10 0.2466 130.6 6 9.36
10 0.5562 132.5 7 0.96
10 0.7781 133.3 8 3.60
10 0.9945 134.1 9 6.24
11 -1.000 142.5 1 7.32
11 -0.747 143.8 2 9.36
11 -0.463 145.6 3 0.84
11 -0.164 148.3 4 4.32
11 -0.002 149.3 5 6.24
11 0.2466 151.6 6 9.36
11 0.5562 154.8 7 0.96
11 0.7781 156.8 8 3.60
11 0.9945 159.1 9 6.24
12 -1.000 149.8 1 7.32
12 -0.747 151.6 2 9.36
12 -0.463 153.3 3 0.84
12 -0.164 156.1 4 4.32
12 0.0000 156.6 5 6.24
12 0.2466 157.8 6 9.36
12 0.5562 160.6 7 0.96
12 0.7781 162.6 8 3.60
12 0.9945 163.8 9 6.24
13 -1.000 148.8 1 7.32
13 -0.715 149.8 2 9.36
13 -0.463 151.6 3 0.84
13 -0.164 154.3 4 4.32
13 -0.002 155.5 5 6.24
13 0.2466 156.3 6 9.36
13 0.5562 161.3 7 0.96
13 0.7781 163.8 8 3.60
13 0.9945 164.6 9 6.24
14 -1.000 151.6 1 7.32
14 -0.747 153.1 2 9.36
14 -0.463 155.1 3 0.84
14 -0.164 157.3 4 4.32
14 0.0000 159.1 5 6.24
14 0.2466 160.8 6 9.36
14 0.5562 164.3 7 0.96
14 0.7781 166.8 8 3.60
14 0.9945 168.3 9 6.24
15 -1.000 137.5 1 7.32
15 -0.747 139.3 2 9.36
15 -0.463 140.8 3 0.84
15 -0.164 142.6 4 4.32
15 -0.002 144.1 5 6.24
15 0.2466 145.6 6 9.36
15 0.5562 147.0 7 0.96
15 0.7781 150.1 8 3.60
15 0.9945 152.3 9 6.24
16 -1.000 142.8 1 7.32
16 -0.747 144.8 2 9.36
16 -0.463 145.0 3 0.84
16 -0.164 146.6 4 4.32
16 -0.002 147.1 5 6.24
16 0.2466 148.8 6 9.36
16 0.5562 150.1 7 0.96
16 0.7781 151.0 8 3.60
16 0.9945 152.1 9 6.24
17 -1.000 134.8 1 7.32
17 -0.747 137.3 2 9.36
17 -0.463 138.1 3 0.84
17 -0.164 140.1 4 4.32
17 -0.002 143.6 5 6.24
17 0.2466 144.1 6 9.36
17 0.5562 147.8 7 0.96
17 0.7781 150.3 8 3.60
17 0.9945 151.8 9 6.24
18 -1.000 145.5 1 7.32
18 -0.747 146.1 2 9.36
18 -0.463 148.1 3 0.84
18 -0.164 150.3 4 4.32
18 -0.002 152.0 5 6.24
18 0.2466 152.3 6 9.36
18 0.5562 154.3 7 0.96
18 0.7781 156.1 8 3.60
18 0.9945 156.8 9 6.24
19 -1.000 156.8 1 7.32
19 -0.747 157.8 2 9.36
19 -0.463 160.3 3 0.84
19 -0.164 161.8 4 4.32
19 0.0000 163.8 5 6.24
19 0.2466 165.5 6 9.36
19 0.5562 169.8 7 0.96
19 0.7781 172.3 8 3.60
19 0.9945 174.3 9 6.24
20 -1.000 146.5 1 7.32
20 -0.747 148.3 2 9.36
20 -0.463 149.3 3 0.84
20 -0.164 151.1 4 4.32
20 -0.002 152.1 5 6.24
20 0.2466 152.3 6 9.36
20 0.5562 153.8 7 0.96
20 0.7781 154.8 8 3.60
20 0.9945 155.3 9 6.24
21 -1.000 143.8 1 7.32
21 -0.747 145.1 2 9.36
21 -0.463 147.0 3 0.84
21 -0.164 149.1 4 4.32
21 -0.002 149.8 5 6.24
21 0.2466 151.5 6 9.36
21 0.5562 153.1 7 0.96
21 0.7781 156.8 8 3.60
21 0.9945 159.6 9 6.24
22 -1.000 147.3 1 7.32
22 -0.747 148.8 2 9.36
22 -0.463 150.1 3 0.84
22 -0.164 152.5 4 4.32
22 -0.002 154.6 5 6.24
22 0.2466 156.0 6 9.36
22 0.5562 158.3 7 0.96
22 0.7781 161.5 8 3.60
22 0.9945 163.3 9 6.24
23 -1.000 144.5 1 7.32
23 -0.747 146.0 2 9.36
23 -0.463 147.3 3 0.84
23 -0.164 149.1 4 4.32
23 -0.002 150.8 5 6.24
23 0.2466 152.5 6 9.36
23 0.5562 155.0 7 0.96
23 0.7781 156.8 8 3.60
23 0.9945 158.8 9 6.24
24 -1.000 147.8 1 7.32
24 -0.747 148.1 2 9.36
24 -0.463 150.1 3 0.84
24 -0.164 151.0 4 4.32
24 -0.002 152.1 5 6.24
24 0.2466 153.6 6 9.36
24 0.5562 155.8 7 0.96
24 0.7781 159.1 8 3.60
24 0.9945 161.6 9 6.24
25 -1.000 135.5 1 7.32
25 -0.747 136.6 2 9.36
25 -0.463 137.3 3 0.84
25 -0.164 138.1 4 4.32
25 -0.002 139.0 5 6.24
25 0.2466 139.5 6 9.36
25 0.5562 141.0 7 0.96
25 0.7808 142.6 8 3.60
25 0.9945 143.8 9 6.24
26 -1.000 132.1 1 7.32
26 -0.747 134.3 2 9.36
26 -0.463 135.1 3 0.84
26 -0.164 136.6 4 4.32
26 -0.002 138.3 5 6.24
26 0.2466 138.8 6 9.36
26 0.5562 141.8 7 0.96
26 0.7781 142.6 8 3.60
26 1.0055 143.1 9 6.24
